id,url_place,title,category,address,phoneNumber,completePhoneNumber,domain,url,coor,stars,reviews,source_query
ChIJJX01Q6XOBZERlqriEp9nYe4,https://www.google.com/maps/place/?q=place_id:ChIJJX01Q6XOBZERlqriEp9nYe4,El Rey Dorado,Restaurante especializado en pollo,"Jr. Ayacucho 3900, San Martín de Porres 15106",(01) 5724486,+51 1 5724486,,,"-12.0317417,-77.09217199999999",4.6,,"Pollería en el distrito de Santa Rosa, El Dorado , San Martín, Perú"
ChIJ9RFPgXnOBZERyLiKHtcwXkM,https://www.google.com/maps/place/?q=place_id:ChIJ9RFPgXnOBZERyLiKHtcwXkM,El Doradito Chicken,Restaurante especializado en pollo,"Mza.J Lote. 10-A APV. Los Chasquis, San Martín de Porres 15109",(01) 5751510,+51 1 5751510,,,"-11.9904672,-77.0969899",4,,"Pollería en el distrito de Santa Rosa, El Dorado , San Martín, Perú"
ChIJ1Z9xqSK5BZERx2gKd65YifM,https://www.google.com/maps/place/?q=place_id:ChIJ1Z9xqSK5BZERx2gKd65YifM,Polleria el dorado,Pollería,"La Merced 234, Villa María del Triunfo 15817",(01) 5970864,+51 1 5970864,,,"-12.181706499999999,-76.9410493",3.7,,"Pollería en el distrito de Santa Rosa, El Dorado , San Martín, Perú"
ChIJY67unwC7BZER3f2_-Z-kGHY,https://www.google.com/maps/place/?q=place_id:ChIJY67unwC7BZER3f2_-Z-kGHY,Polleria El Dorado,Restaurante especializado en pollo,Lima 15836,913 689 213,+51 913 689 213,,,"-12.2267455,-76.9251462",4,,"Pollería en el distrito de Santa Rosa, El Dorado , San Martín, Perú"
ChIJeQzY5SrPBZERrJ9u51F7AmE,https://www.google.com/maps/place/?q=place_id:ChIJeQzY5SrPBZERrJ9u51F7AmE,Pollería El Leñador,Restaurante,"Av. Amancaes 249, Lima 15094",998 234 300,+51 998 234 300,,,"-12.0248527,-77.03314619999999",4.4,,"Pollería en el distrito de Santa Rosa, El Dorado , San Martín, Perú"
ChIJT6gJ6coJupER1tkzhvdi1BQ,https://www.google.com/maps/place/?q=place_id:ChIJT6gJ6coJupER1tkzhvdi1BQ,Pollos Dorados,Restaurante especializado en pollo,Tarapoto 22202,998 268 001,+51 998 268 001,,,"-6.4741772,-76.3652121",4.4,,"Pollería en el distrito de Santa Rosa, El Dorado , San Martín, Perú"
ChIJFflL9eC7BZER6JjJHfvDyK8,https://www.google.com/maps/place/?q=place_id:ChIJFflL9eC7BZER6JjJHfvDyK8,Pollería El Dorado,Tienda de aves de corral,"Bolivar 30, Villa EL Salvador 15834",997 280 832,+51 997 280 832,,,"-12.2188178,-76.9404033",3.4,,"Pollería en el distrito de Santa Rosa, El Dorado , San Martín, Perú"
ChIJ632fT6MNupERFoiqrUDt7JA,https://www.google.com/maps/place/?q=place_id:ChIJ632fT6MNupERFoiqrUDt7JA,Pollon Dorado,Tienda de aves de corral,"Atahualpa cuadra 4, Tarapoto 22202",931 396 978,+51 931 396 978,,,"-6.4953192,-76.35392689999999",1,,"Pollería en el distrito de Santa Rosa, El Dorado , San Martín, Perú"
ChIJo9AqXLQ_rZERvMcGWqQAxNk,https://www.google.com/maps/place/?q=place_id:ChIJo9AqXLQ_rZERvMcGWqQAxNk,Polleria El Dorado,Restaurante,"Av Miguel Grau 1109, Huanchaco 13014",960 130 163,+51 960 130 163,,,"-8.023524,-79.06513389999999",4.1,,"Pollería en el distrito de Santa Rosa, El Dorado , San Martín, Perú"
ChIJgY9HAId_bpERPe_NHLtxBYU,https://www.google.com/maps/place/?q=place_id:ChIJgY9HAId_bpERPe_NHLtxBYU,"Pollería ""El Dorado Real""",Restaurante,Cusco 08006,983 310 943,+51 983 310 943,,,"-13.541398599999999,-71.9323557",3.7,,"Pollería en el distrito de Santa Rosa, El Dorado , San Martín, Perú"
ChIJzbucPhxbspER3w4IIta992A,https://www.google.com/maps/place/?q=place_id:ChIJzbucPhxbspER3w4IIta992A,El Pollon Dorado,Restaurante,"Av San Martín de Porres 581, Cajamarca 06003",980 281 916,+51 980 281 916,,,"-7.1673252,-78.5045686",4,,"Pollería en el distrito de Santa Rosa, El Dorado , San Martín, Perú"
ChIJvwBp9HbOBZERkypWBILZeBA,https://www.google.com/maps/place/?q=place_id:ChIJvwBp9HbOBZERkypWBILZeBA,Leñador Chiken,Restaurante,"Av. Canta Callao Mz C Lt 1, San Martín de Porres 15109",(01) 3102432,+51 1 3102432,,,"-11.9843421,-77.0993972",3.9,,"Pollería en el distrito de Santa Rosa, El Dorado , San Martín, Perú"
ChIJXe6qDO9aspERf85PP9YM7hY,https://www.google.com/maps/place/?q=place_id:ChIJXe6qDO9aspERf85PP9YM7hY,Polleria EL DORADO Open Plaza,Tienda de aves de corral,"RFXV+9HV, Cajamarca 06002",(076) 638773,+51 76 638773,,,"-7.151514199999999,-78.50608489999999",2.7,,"Pollería en el distrito de Santa Rosa, El Dorado , San Martín, Perú"
ChIJv5aMAAA_rZERDbIHP57USCw,https://www.google.com/maps/place/?q=place_id:ChIJv5aMAAA_rZERDbIHP57USCw,POLLERIA EL DORADO,Restaurante,"Av Miguel Grau 314, Huanchaco 13014",923 049 887,+51 923 049 887,facebook.com,https://www.facebook.com/PolleriaElDorad,"-8.031578,-79.0621535",5,,"Pollería en el distrito de Santa Rosa, El Dorado , San Martín, Perú"
ChIJeYtXNWCXsJERbrEd7kiDbGg,https://www.google.com/maps/place/?q=place_id:ChIJeYtXNWCXsJERbrEd7kiDbGg,"Polleria-Pizzeria-Chifa ""Punto de Encuentro""",Restaurante,"98P4+QW9 El Dorado, Jr. Pedro Villacorta, San José de Sisa",942 823 476,+51 942 823 476,,,"-6.6130847,-76.6926357",4.2,,"Pollería en el distrito de Santa Rosa, El Dorado , San Martín, Perú"
ChIJ6R4lG4gLupERuXdeIUIdju8,https://www.google.com/maps/place/?q=place_id:ChIJ6R4lG4gLupERuXdeIUIdju8,Pollería San martin,Restaurante,"Jr. Amorarca 117, Tarapoto 22201",904 368 890,+51 904 368 890,,,"-6.4820996,-76.3762979",,,"Pollería en el distrito de Santa Rosa, El Dorado , San Martín, Perú"
ChIJq3VFNJlbspERwBInYKmXeqc,https://www.google.com/maps/place/?q=place_id:ChIJq3VFNJlbspERwBInYKmXeqc,El dorado pollos y parrillas.,Restaurante,"Jr.amazonas 909 Centro comercial Open plaza, Cajamarca 06000",923 671 813,+51 923 671 813,facebook.com,https://www.facebook.com/ElDoradoPollosYParrillas/,"-7.157764599999999,-78.5145122",3.8,,"Pollería en el distrito de Santa Rosa, El Dorado , San Martín, Perú"
ChIJucAmX8HRBZER8t0c1MGBUyg,https://www.google.com/maps/place/?q=place_id:ChIJucAmX8HRBZER8t0c1MGBUyg,Polleria El Dorado,Restaurante,"Jirón Igualdad 7962, Los Olivos 15307",952 283 860,+51 952 283 860,,,"-11.9364078,-77.07484459999999",3.7,,"Pollería en el distrito de Santa Rosa, El Dorado , San Martín, Perú"
ChIJy2UT5DfFBZERsOsn99SkEFE,https://www.google.com/maps/place/?q=place_id:ChIJy2UT5DfFBZERsOsn99SkEFE,El Leñador Chicken,Restaurante especializado en pollo,"Av. Fernando Wiesse, San Juan de Lurigancho 15438",960 432 120,+51 960 432 120,,,"-11.9630792,-76.9895318",3.9,,"Pollería en el distrito de Santa Rosa, El Dorado , San Martín, Perú"
ChIJ_fUfUyqXsJERhwBIYsyA808,https://www.google.com/maps/place/?q=place_id:ChIJ_fUfUyqXsJERhwBIYsyA808,Polleria Trujillo Fish,Tienda de aves de corral,"98P3+7V4 El Dorado, Jr. Comercio, San José de Sisa",944 049 871,+51 944 049 871,,,"-6.614363399999999,-76.6952871",1,,"Pollería en el distrito de Santa Rosa, El Dorado , San Martín, Perú"
ChIJ5ahNqa3FBZER6BqZIFgaRGM,https://www.google.com/maps/place/?q=place_id:ChIJ5ahNqa3FBZER6BqZIFgaRGM,Polleria Santa Rosa,Tienda de aves de corral,"Parque de Horizonte de Zárate 1 Etapa, Av Santa rosa 1778- urb Inca, Manco Capac, San Juan de Lurigancho 15401",994 788 095,+51 994 788 095,,,"-12.000734399999999,-77.0000622",,,"Pollería en el distrito de Santa Rosa, El Dorado , San Martín, Perú"
ChIJr9uLhT3GBZERELRqqsnjPnU,https://www.google.com/maps/place/?q=place_id:ChIJr9uLhT3GBZERELRqqsnjPnU,El Dorado Restaurante - Cevichería,Restaurante,"Av. Mariscal Cáceres 249 Ate, Lima 15019",(01) 4324244,+51 1 4324244,,,"-12.0618956,-76.9952582",3.9,,"Cevichería en el distrito de Santa Rosa, El Dorado , San Martín, Perú"
ChIJ20sfFRgLupERhjYwQEjynOk,https://www.google.com/maps/place/?q=place_id:ChIJ20sfFRgLupERhjYwQEjynOk,Cevichería Pulpo Dorado,Restaurante,"08 de Mayo 241, Tarapoto 22201",925 709 578,+51 925 709 578,,,"-6.4872141,-76.37097399999999",,,"Cevichería en el distrito de Santa Rosa, El Dorado , San Martín, Perú"
ChIJ7eKFySnPBZERKJPfRXDHZoU,https://www.google.com/maps/place/?q=place_id:ChIJ7eKFySnPBZERKJPfRXDHZoU,Cevichería Sara Sara,Restaurante,"Mercado Santa Rosa, Av. Alejandro Bertello Bollati 166, Callao 07036",977 293 882,+51 977 293 882,,,"-12.018445199999999,-77.1013423",3.9,,"Cevichería en el distrito de Santa Rosa, El Dorado , San Martín, Perú"
ChIJ1TNvPG_VBZERHlQVgJA34k0,https://www.google.com/maps/place/?q=place_id:ChIJ1TNvPG_VBZERHlQVgJA34k0,Restaurante cevicheria MERLIN DORADO,Restaurante,"4VXF+2X5, Unnamed Road, Mi Perú 07056",,,,,"-11.852492,-77.1250008",4.2,,"Cevichería en el distrito de Santa Rosa, El Dorado , San Martín, Perú"
ChIJU4OQx6KXsJERIGJYNhRp5Cs,https://www.google.com/maps/place/?q=place_id:ChIJU4OQx6KXsJERIGJYNhRp5Cs,Cevicheria El Trio Dorado,Restaurante,"98M6+HF2, Jr. Lamas, San José de Sisa 22700",,,,,"-6.6161094,-76.6888574",5,,"Cevichería en el distrito de Santa Rosa, El Dorado , San Martín, Perú"
ChIJlxAcJgDHBZERl6cKuoi-9V0,https://www.google.com/maps/place/?q=place_id:ChIJlxAcJgDHBZERl6cKuoi-9V0,La Isla del Pescador,Restaurante familiar,"Avenida Agustín de la Rosa Toro 352, San Luis 15021",,,,,"-12.072709,-76.9977524",5,,"Cevichería en el distrito de Santa Rosa, El Dorado , San Martín, Perú"
ChIJ0y1kV_e8o5ERJwKSqRMJ8cE,https://www.google.com/maps/place/?q=place_id:ChIJ0y1kV_e8o5ERJwKSqRMJ8cE,Cevichería El Dorado,Restaurante,"Av. San Martin 898, Pucallpa 25001",(061) 575428,+51 61 575428,cevicheria-el-dorado.ola.click,https://cevicheria-el-dorado.ola.click/,"-8.3887997,-74.5344157",4.5,,"Cevichería en el distrito de Santa Rosa, El Dorado , San Martín, Perú"
ChIJD-jRffELupER1kEdAAj9IkU,https://www.google.com/maps/place/?q=place_id:ChIJD-jRffELupER1kEdAAj9IkU,Restaurante Cevicheria Sirena Encantada,Restaurante,"Jr. Sachapuquio 339, Tarapoto 22202",932 259 047,+51 932 259 047,facebook.com,https://www.facebook.com/share/1LHN9MPbaF/?mibextid=wwXIfr,"-6.4789737999999994,-76.3652177",4.5,,"Cevichería en el distrito de Santa Rosa, El Dorado , San Martín, Perú"
ChIJndncGGAJupERUys_2HBgB7I,https://www.google.com/maps/place/?q=place_id:ChIJndncGGAJupERUys_2HBgB7I,Pescados & Ajíes Fusión,Restaurante,"Jr. Alegría Arias de Morey 459, Tarapoto 22200",973 543 451,+51 973 543 451,,,"-6.4848783,-76.3584735",4.4,,"Cevichería en el distrito de Santa Rosa, El Dorado , San Martín, Perú"
ChIJ4Z50CQkMupERHDkT-DRM4dA,https://www.google.com/maps/place/?q=place_id:ChIJ4Z50CQkMupERHDkT-DRM4dA,Los Diamantes,Restaurante,"Jr. Cabo Alberto Leveau 395, Tarapoto 22202",945 005 520,+51 945 005 520,facebook.com,https://www.facebook.com/LosDiamantesTarapoto/,"-6.4912477,-76.3607447",4.3,,"Cevichería en el distrito de Santa Rosa, El Dorado , San Martín, Perú"
ChIJB0mMSg8LupERBM-sExmneos,https://www.google.com/maps/place/?q=place_id:ChIJB0mMSg8LupERBM-sExmneos,Don Pescao,Marisquería,"Jr. Sachapuquio 276, Tarapoto 22202",942 004 502,+51 942 004 502,,,"-6.4795406,-76.365639",4.1,,"Cevichería en el distrito de Santa Rosa, El Dorado , San Martín, Perú"
ChIJL0C-mysJupEROQFtbItFKTw,https://www.google.com/maps/place/?q=place_id:ChIJL0C-mysJupEROQFtbItFKTw,CEVICHERIA MIRAN FUSION,Restaurante,Jr arica 320 Morales,947 160 238,+51 947 160 238,instagram.com,https://www.instagram.com/miranfusion/?igshid=YmMyMTA2M2Y=,"-6.4778585,-76.3815662",4.7,,"Cevichería en el distrito de Santa Rosa, El Dorado , San Martín, Perú"
ChIJKYGpeowLupERnazlX1mf-NY,https://www.google.com/maps/place/?q=place_id:ChIJKYGpeowLupERnazlX1mf-NY,Cevicheria El Barranquino,Restaurante,"Jr. Jose Olaya 1468, Tarapoto 22201",942 616 272,+51 942 616 272,,,"-6.501846,-76.3701971",4.3,,"Cevichería en el distrito de Santa Rosa, El Dorado , San Martín, Perú"
ChIJzbS81QUMupERPwA1F-E36Zk,https://www.google.com/maps/place/?q=place_id:ChIJzbS81QUMupERPwA1F-E36Zk,Primer Puerto,Restaurante,"Jr. Cahuide 670, Tarapoto 22202",976 532 080,+51 976 532 080,,,"-6.4854560999999995,-76.3555272",4.1,,"Cevichería en el distrito de Santa Rosa, El Dorado , San Martín, Perú"
ChIJKTL3xJiXsJER13qwvc5NBdc,https://www.google.com/maps/place/?q=place_id:ChIJKTL3xJiXsJER13qwvc5NBdc,Cevicheria el Cangrejito Real,Restaurante,"98M3+GQ4, Jr. Bolognesi, San José de Sisa 22700",,,,,"-6.616232999999999,-76.6955474",4.5,,"Cevichería en el distrito de Santa Rosa, El Dorado , San Martín, Perú"
ChIJnUMLYgYMupERFmzEeueegH0,https://www.google.com/maps/place/?q=place_id:ChIJnUMLYgYMupERFmzEeueegH0,Cebicheria Limon & Aji,Restaurante,"Jr. Alegría Arias de Morey 158, Tarapoto 22202",(042) 529762,+51 42 529762,,,"-6.486773299999999,-76.3606733",3.8,,"Cevichería en el distrito de Santa Rosa, El Dorado , San Martín, Perú"
ChIJU3MKLirPBZER4yw2EuOYKoU,https://www.google.com/maps/place/?q=place_id:ChIJU3MKLirPBZER4yw2EuOYKoU,Estrellas del mar,Restaurante,"mercado Santa Rosa, Av. Guardia Civil Sur 433, Chorrillos 15056",949 519 276,+51 949 519 276,,,"-12.1830956,-77.0006257",4.7,,"Cevichería en el distrito de Santa Rosa, El Dorado , San Martín, Perú"
ChIJ96fxN_dKQpERJO4eE_gQHNw,https://www.google.com/maps/place/?q=place_id:ChIJ96fxN_dKQpERJO4eE_gQHNw,Cevicheria El Dorado,Restaurante,"Bonifaz 218, Arequipa 04001",936 068 730,+51 936 068 730,,,"-16.409467499999998,-71.53833089999999",4,,"Cevichería en el distrito de Santa Rosa, El Dorado , San Martín, Perú"
ChIJybRb30GZsJERJ-PwKdMACaw,https://www.google.com/maps/place/?q=place_id:ChIJybRb30GZsJERJ-PwKdMACaw,Restaurante Cevicheria El Piurano,Restaurante,"SM-102, 22720",,,,,"-6.632727699999999,-76.5718729",,,"Cevichería en el distrito de Santa Rosa, El Dorado , San Martín, Perú"
ChIJ-20gJQBbspERQQn_-BnDFrU,https://www.google.com/maps/place/?q=place_id:ChIJ-20gJQBbspERQQn_-BnDFrU,Cevicheria EL Pulpo Dorado,Bar restaurante,"Jr. Jerusalén cdra 1, Cajamarca 06001",942 439 037,+51 942 439 037,,,"-7.183184799999999,-78.5044908",,,"Cevichería en el distrito de Santa Rosa, El Dorado , San Martín, Perú"
ChIJnaO4HKXOBZERlypUKwc0cqU,https://www.google.com/maps/place/?q=place_id:ChIJnaO4HKXOBZERlypUKwc0cqU,Pizzas & Pastas Smith,Pizzería,"Av. Perú 4080, San Martín de Porres 15106",(01) 5387184,+51 1 5387184,sites.google.com,https://sites.google.com/view/pizzassmith/p%C3%A1gina-principal,"-12.0298761,-77.0930516",4.1,,"Pizzería en el distrito de Santa Rosa, El Dorado , San Martín, Perú"
ChIJc87moosNupERtfqKdEGIEQI,https://www.google.com/maps/place/?q=place_id:ChIJc87moosNupERtfqKdEGIEQI,PROVA PIZZA,Restaurante,"Ex Ctra. Yurimaguas 120, Tarapoto 22202",994 936 795,+51 994 936 795,,,"-6.4959371,-76.3457749",5,,"Pizzería en el distrito de Santa Rosa, El Dorado , San Martín, Perú"
ChIJ8TCGEmLNBZERpB-kejNAmwo,https://www.google.com/maps/place/?q=place_id:ChIJ8TCGEmLNBZERpB-kejNAmwo,PIZZAS Y PASTAS SMITH,Pizzería,"Av. Alejandro Bertello Bollati, San Martín de Porres 07031",(01) 7518719,+51 1 7518719,,,"-11.9971486,-77.1122778",3.8,,"Pizzería en el distrito de Santa Rosa, El Dorado , San Martín, Perú"
ChIJQahEuw4LupERlQCkQY8eywY,https://www.google.com/maps/place/?q=place_id:ChIJQahEuw4LupERlQCkQY8eywY,Salamandra Pizzeria,Pizzería,"Jr. Camila Morey, Tarapoto 22201",946 340 145,+51 946 340 145,salamandra-pizzzeria.com,https://www.salamandra-pizzzeria.com/,"-6.483290299999999,-76.35933829999999",4.8,,"Pizzería en el distrito de Santa Rosa, El Dorado , San Martín, Perú"
ChIJh2MVdQgMupERol97sJsN2zY,https://www.google.com/maps/place/?q=place_id:ChIJh2MVdQgMupERol97sJsN2zY,Charlie's Pizzas,Pizzería,"Jr. Ramon Castilla 248, Tarapoto 22202",972 510 528,+51 972 510 528,facebook.com,https://www.facebook.com/CharliesPizzasTarapoto,"-6.487972,-76.362299",4.4,,"Pizzería en el distrito de Santa Rosa, El Dorado , San Martín, Perú"
ChIJr8-1HxQMupERl5axY1xaXEE,https://www.google.com/maps/place/?q=place_id:ChIJr8-1HxQMupERl5axY1xaXEE,La Casa del Italiano Pizzeria,Pizzería,"Recreo 784, Tarapoto 22202",982 852 927,+51 982 852 927,,,"-6.4918638,-76.34771599999999",4.5,,"Pizzería en el distrito de Santa Rosa, El Dorado , San Martín, Perú"
ChIJAz1NsesNupERYeufgECAfW0,https://www.google.com/maps/place/?q=place_id:ChIJAz1NsesNupERYeufgECAfW0,Nascondino Family Pizza,Pizzería,"René Bartra 138, Tarapoto 22202",967 311 857,+51 967 311 857,,,"-6.489248,-76.35629399999999",4.5,,"Pizzería en el distrito de Santa Rosa, El Dorado , San Martín, Perú"
ChIJ2-R6IaYLupERJ0Pz5L3r_E4,https://www.google.com/maps/place/?q=place_id:ChIJ2-R6IaYLupERJ0Pz5L3r_E4,La Auténtica,Pizzería,"Los Olivos 128, Tarapoto 22201",942 478 837,+51 942 478 837,laautentica-per.ola.click,https://laautentica-per.ola.click/,"-6.4937102,-76.37081049999999",4.8,,"Pizzería en el distrito de Santa Rosa, El Dorado , San Martín, Perú"
ChIJFUEreuy7BZER9E0UWXC9Dpk,https://www.google.com/maps/place/?q=place_id:ChIJFUEreuy7BZER9E0UWXC9Dpk,La Buena Pizza,Pizzería,"Av. 200 Millas manzana B, Villa EL Salvador 15837",,,,,"-12.234341599999999,-76.93499109999999",4.4,,"Pizzería en el distrito de Santa Rosa, El Dorado , San Martín, Perú"
ChIJrYnumx8LupER3ZP2FL88FVM,https://www.google.com/maps/place/?q=place_id:ChIJrYnumx8LupER3ZP2FL88FVM,Fasce´s Pizza,Pizzería,"Jr. Moyobamba 293, Tarapoto 22160",927 822 661,+51 927 822 661,,,"-6.479673099999999,-76.387016",4.5,,"Pizzería en el distrito de Santa Rosa, El Dorado , San Martín, Perú"
ChIJT1tYMmwLupERGT4TvIRbinI,https://www.google.com/maps/place/?q=place_id:ChIJT1tYMmwLupERGT4TvIRbinI,Eduardo's Pizzas,Pizzería,"Av Alfonso Ugarte 803, Tarapoto 22201",950 948 849,+51 950 948 849,,,"-6.490639,-76.3674119",4,,"Pizzería en el distrito de Santa Rosa, El Dorado , San Martín, Perú"
ChIJiULJA30LupERGwzUg8O1t68,https://www.google.com/maps/place/?q=place_id:ChIJiULJA30LupERGwzUg8O1t68,Trattoria Di Lucho,Pizzería,"JR Belén MZ E Lt 11, Tarapoto 22201",983 100 791,+51 983 100 791,instagram.com,https://instagram.com/trattoriadilucho?igshid=YmMyMTA2M2Y=,"-6.4791270999999995,-76.3765713",4.6,,"Pizzería en el distrito de Santa Rosa, El Dorado , San Martín, Perú"
ChIJ0S8YFLfIBZERZdicfNudFv0,https://www.google.com/maps/place/?q=place_id:ChIJ0S8YFLfIBZERZdicfNudFv0,Chifa Fu JUI Jr. miroquezada,Restaurante chino,"Jr. Sta. Rosa 434, Lima 15001",(01) 4283363,+51 1 4283363,,,"-12.050201399999999,-77.0294112",4.1,,"Chifa en el distrito de Santa Rosa, El Dorado , San Martín, Perú"
ChIJB6na8efGBZERD8KMTGw39FY,https://www.google.com/maps/place/?q=place_id:ChIJB6na8efGBZERD8KMTGw39FY,Chifa El Dorado,Restaurante chino,"Av. Flora Tristan 431, La Molina 15024",974 722 581,+51 974 722 581,,,"-12.0710295,-76.94184299999999",4,,"Chifa en el distrito de Santa Rosa, El Dorado , San Martín, Perú"
ChIJHbbhMF7IBZERLteyEQ82HZI,https://www.google.com/maps/place/?q=place_id:ChIJHbbhMF7IBZERLteyEQ82HZI,Chifa El Dorado,Restaurante,"Av. Arequipa 2450, Lince 15046",997 456 026,+51 997 456 026,facebook.com,https://www.facebook.com/CartaChifaDorado,"-12.0889549,-77.0343625",4,,"Chifa en el distrito de Santa Rosa, El Dorado , San Martín, Perú"
ChIJo2W1G3XFBZERUrNXsPlNK0E,https://www.google.com/maps/place/?q=place_id:ChIJo2W1G3XFBZERUrNXsPlNK0E,Chifa china fu,Restaurante chino,"Av. Sta. Rosa de Lima 3699, San Juan de Lurigancho 15423",936 784 685,+51 936 784 685,,,"-11.9684861,-76.9947186",4.1,,"Chifa en el distrito de Santa Rosa, El Dorado , San Martín, Perú"
ChIJh1HpB2TJBZER9tn6QQwvSVA,https://www.google.com/maps/place/?q=place_id:ChIJh1HpB2TJBZER9tn6QQwvSVA,Chifa Nuevo Wha Sheng,Restaurante,"Sta. Rosa 916, Surquillo 15047",(01) 4957027,+51 1 4957027,,,"-12.1120371,-77.0244392",4.1,,"Chifa en el distrito de Santa Rosa, El Dorado , San Martín, Perú"
ChIJzwRpe7nOBZERVdJJ-kCu7PA,https://www.google.com/maps/place/?q=place_id:ChIJzwRpe7nOBZERVdJJ-kCu7PA,Chifa Xin Yan,Restaurante chino,"Av Lima 3510, San Martín de Porres 15106",965 640 000,+51 965 640 000,,,"-12.0286175,-77.0847538",4.2,,"Chifa en el distrito de Santa Rosa, El Dorado , San Martín, Perú"
ChIJGzrPqA8NupERZr47rBfT1cI,https://www.google.com/maps/place/?q=place_id:ChIJGzrPqA8NupERZr47rBfT1cI,Chifa Choy San,Restaurante,"Jr. Yurimaguas 657-597, Tarapoto 22202",956 173 396,+51 956 173 396,,,"-6.4931211,-76.3522694",3.8,,"Chifa en el distrito de Santa Rosa, El Dorado , San Martín, Perú"
ChIJZVgc4J3OBZERlAYeWXcDQvA,https://www.google.com/maps/place/?q=place_id:ChIJZVgc4J3OBZERlAYeWXcDQvA,Azu Maki Sushi & Rolls,Restaurante de sushi,"Al. de los Misioneros 233, Callao 07036",(01) 5748821,+51 1 5748821,facebook.com,https://www.facebook.com/Azumakiperu/,"-12.0159422,-77.1011841",4.4,,"Makis en el distrito de Santa Rosa, El Dorado , San Martín, Perú"
ChIJ37FbO6jFBZER2UxZUjkHzT0,https://www.google.com/maps/place/?q=place_id:ChIJ37FbO6jFBZER2UxZUjkHzT0,Ohashi maki sjl,Restaurante japonés,"Av. Los Jardines Oeste 269, San Juan de Lurigancho 15427",,,ohashimaki.pe,https://ohashimaki.pe/,"-12.007892,-77.009534",4.2,,"Makis en el distrito de Santa Rosa, El Dorado , San Martín, Perú"
ChIJc2s0o5K3BZERDp7g2yDpQIM,https://www.google.com/maps/place/?q=place_id:ChIJc2s0o5K3BZERDp7g2yDpQIM,Ohashi Maki,Restaurante asiático,"Av. Defensores del Morro 273, Chorrillos 15064",959 343 763,+51 959 343 763,ohashimaki.pe,https://www.ohashimaki.pe/,"-12.1670296,-77.02591869999999",4.3,,"Makis en el distrito de Santa Rosa, El Dorado , San Martín, Perú"
ChIJgxgpuaTNBZERUH9WwpK4xdw,https://www.google.com/maps/place/?q=place_id:ChIJgxgpuaTNBZERUH9WwpK4xdw,KyotoRolls 🥢- Makis - Sushi & Alitas 🍗,Restaurante japonés,"Av Bertello Mz H Lote 2, San Martín de Porres 15103",993 460 649,+51 993 460 649,kyotorolls.com,http://www.kyotorolls.com/,"-11.9958294,-77.113534",3.9,,"Makis en el distrito de Santa Rosa, El Dorado , San Martín, Perú"
ChIJmQol8vXVBZEROPUgf_bpBoI,https://www.google.com/maps/place/?q=place_id:ChIJmQol8vXVBZEROPUgf_bpBoI,Mikhuy Makis,Restaurante de sushi,"de la victoria Pachacutec, Ventanilla 07071",912 347 054,+51 912 347 054,,,"-11.845077,-77.1493338",4.4,,"Makis en el distrito de Santa Rosa, El Dorado , San Martín, Perú"
ChIJj-flSNHFBZERtLq0ee_LCBE,https://www.google.com/maps/place/?q=place_id:ChIJj-flSNHFBZERtLq0ee_LCBE,Makit Roll Sushi Bar,Restaurante de sushi,"Av. Los Tusilagos Oeste 173, San Juan de Lurigancho 15401",922 770 679,+51 922 770 679,linkfly.to,https://linkfly.to/makiroll,"-12.013321699999999,-77.0046035",4.3,,"Makis en el distrito de Santa Rosa, El Dorado , San Martín, Perú"
ChIJfSGiXwTJBZERctsU9VQV1I0,https://www.google.com/maps/place/?q=place_id:ChIJfSGiXwTJBZERctsU9VQV1I0,Isushi,Restaurante de sushi,"Av. de la Marina 2266, San Miguel 15087",973 819 960,+51 973 819 960,isushi.pe,http://www.isushi.pe/,"-12.077556699999999,-77.0861218",4.1,,"Makis en el distrito de Santa Rosa, El Dorado , San Martín, Perú"
ChIJtTXTFAC4BZERu4_VstwQTgU,https://www.google.com/maps/place/?q=place_id:ChIJtTXTFAC4BZERu4_VstwQTgU,Runa Makis & Wings,Restaurante,"Simón Salguero 490, Santiago de Surco 15048",920 702 430,+51 920 702 430,instagram.com,https://www.instagram.com/runa_makis_wings/,"-12.130470299999999,-77.0089443",4.3,,"Makis en el distrito de Santa Rosa, El Dorado , San Martín, Perú"
ChIJ01OjGeS4BZERaCiVbNHXeFQ,https://www.google.com/maps/place/?q=place_id:ChIJ01OjGeS4BZERaCiVbNHXeFQ,DEBASAKI MAKI,Restaurante,"Av. Villa María 494, Villa María del Triunfo 15809",972 285 373,+51 972 285 373,,,"-12.164308,-76.94754",3.4,,"Makis en el distrito de Santa Rosa, El Dorado , San Martín, Perú"
ChIJfXlPQsTHBZERnmUdp_5Pwqc,https://www.google.com/maps/place/?q=place_id:ChIJfXlPQsTHBZERnmUdp_5Pwqc,Roll-Star Sushi Bar Delivery,Restaurante,"Av. San Luis 2512, San Borja 15037",,,rollstar.com.pe,https://www.rollstar.com.pe/pedir,"-12.0990969,-76.99506819999999",3.7,,"Makis en el distrito de Santa Rosa, El Dorado , San Martín, Perú"
ChIJc5aXoB3RBZER_zy4tmZeSv4,https://www.google.com/maps/place/?q=place_id:ChIJc5aXoB3RBZER_zy4tmZeSv4,MakiLovers - Los Olivos,Restaurante japonés,"Av. los Próceres de Huandoy 7718, Los Olivos 15307",979 963 724,+51 979 963 724,makilovers.pe,http://www.makilovers.pe/,"-11.9385969,-77.07628509999999",4.3,,"Makis en el distrito de Santa Rosa, El Dorado , San Martín, Perú"
ChIJefhDqy7RBZERdnGsnQO3QW0,https://www.google.com/maps/place/?q=place_id:ChIJefhDqy7RBZERdnGsnQO3QW0,Maki Lovers Comas,Restaurante japonés,"Av. Micaela Bastidas 822, Comas 15314",902 442 383,+51 902 442 383,makilovers.pe,https://www.makilovers.pe/,"-11.9291074,-77.0547697",4.3,,"Makis en el distrito de Santa Rosa, El Dorado , San Martín, Perú"
ChIJPw3hIwDPBZEROM7c1DCEqeY,https://www.google.com/maps/place/?q=place_id:ChIJPw3hIwDPBZEROM7c1DCEqeY,Makis & Alitas,Restaurante de sushi,"Av. Morales Duárez con, Lima 15081",,,,,"-12.0366193,-77.08014279999999",5,,"Makis en el distrito de Santa Rosa, El Dorado , San Martín, Perú"
ChIJHfEfxJANupERQVdJcZuv6eA,https://www.google.com/maps/place/?q=place_id:ChIJHfEfxJANupERQVdJcZuv6eA,Mr. Miyagi,Restaurante japonés,"Jr. Lamas 244, Tarapoto 22202",982 669 318,+51 982 669 318,facebook.com,https://www.facebook.com/mrmiyagi.peru,"-6.487067,-76.357777",3.8,,"Makis en el distrito de Santa Rosa, El Dorado , San Martín, Perú"
ChIJB6na8efGBZERD8KMTGw39FY,https://www.google.com/maps/place/?q=place_id:ChIJB6na8efGBZERD8KMTGw39FY,Chifa El Dorado,Restaurante chino,"Av. Flora Tristan 431, La Molina 15024",974 722 581,+51 974 722 581,,,"-12.0710295,-76.94184299999999",4,,"Comida oriental en el distrito de Santa Rosa, El Dorado , San Martín, Perú"
ChIJzwRpe7nOBZERVdJJ-kCu7PA,https://www.google.com/maps/place/?q=place_id:ChIJzwRpe7nOBZERVdJJ-kCu7PA,Chifa Xin Yan,Restaurante chino,"Av Lima 3510, San Martín de Porres 15106",965 640 000,+51 965 640 000,,,"-12.0286175,-77.0847538",4.2,,"Comida oriental en el distrito de Santa Rosa, El Dorado , San Martín, Perú"
ChIJz0Pe0brOBZERf20-SHv3BU4,https://www.google.com/maps/place/?q=place_id:ChIJz0Pe0brOBZERf20-SHv3BU4,Chifa Real,Restaurante chino,"Av. Perú 3844, San Martín de Porres 15106",940 499 529,+51 940 499 529,,,"-12.0302031,-77.0903518",4.1,,"Comida oriental en el distrito de Santa Rosa, El Dorado , San Martín, Perú"
ChIJfxiJXurOBZERadV7IDsXB94,https://www.google.com/maps/place/?q=place_id:ChIJfxiJXurOBZERadV7IDsXB94,Chifa Panda,Restaurante,"Av. Universitaria #712, San Martín de Porres 15103",999 885 128,+51 999 885 128,,,"-12.0188869,-77.07626359999999",3.9,,"Comida oriental en el distrito de Santa Rosa, El Dorado , San Martín, Perú"
ChIJPdj7N8bPBZERg17ha31TKXo,https://www.google.com/maps/place/?q=place_id:ChIJPdj7N8bPBZERg17ha31TKXo,CHIFA PANDA (Av. Universitaria con Alisos),Restaurante chino,"Av. Universitaria con, Los Olivos 15304",(01) 5437613,+51 1 5437613,rappi.com.pe,https://www.rappi.com.pe/restaurantes/61157,"-11.982653899999999,-77.0786364",3.8,,"Comida oriental en el distrito de Santa Rosa, El Dorado , San Martín, Perú"
ChIJHbbhMF7IBZERLteyEQ82HZI,https://www.google.com/maps/place/?q=place_id:ChIJHbbhMF7IBZERLteyEQ82HZI,Chifa El Dorado,Restaurante,"Av. Arequipa 2450, Lince 15046",997 456 026,+51 997 456 026,facebook.com,https://www.facebook.com/CartaChifaDorado,"-12.0889549,-77.0343625",4,,"Comida oriental en el distrito de Santa Rosa, El Dorado , San Martín, Perú"
ChIJR5ELn_zOBZERUAqtpBujZUo,https://www.google.com/maps/place/?q=place_id:ChIJR5ELn_zOBZERUAqtpBujZUo,Chifa Joy Sam,Restaurante chino,"Av. Alfredo Mendiola N°1949, Los Olivos 15304",(01) 5337952,+51 1 5337952,facebook.com,https://www.facebook.com/chifajoysam.pe/,"-12.0072186,-77.06202329999999",4.1,,"Comida oriental en el distrito de Santa Rosa, El Dorado , San Martín, Perú"
ChIJWwrHMW3JBZER2-zGDDeRBO4,https://www.google.com/maps/place/?q=place_id:ChIJWwrHMW3JBZER2-zGDDeRBO4,Chifa Oso Panda,Restaurante chino,"Av. Universitaria 1105, San Miguel 15088",(01) 4640909,+51 1 4640909,,,"-12.0747222,-77.08",4.2,,"Comida oriental en el distrito de Santa Rosa, El Dorado , San Martín, Perú"
ChIJhzyoQPELupERflgqbs65QZI,https://www.google.com/maps/place/?q=place_id:ChIJhzyoQPELupERflgqbs65QZI,Chifa Asia,Restaurante,"Av Alfonso Ugarte 1215, Tarapoto 22201",(042) 527474,+51 42 527474,,,"-6.492056799999999,-76.370862",3.9,,"Comida oriental en el distrito de Santa Rosa, El Dorado , San Martín, Perú"
ChIJPTvQpHO3vJURoJlRsDQB5QQ,https://www.google.com/maps/place/?q=place_id:ChIJPTvQpHO3vJURoJlRsDQB5QQ,Restaurante Peruano EL ENCANTO,Restaurante peruano,"Sarmiento 2052, B1650 San Martín, Provincia de Buenos Aires, Argentina",011 4753-2914,+54 11 4753-2914,,,"-34.5749546,-58.5350946",4.3,,"Comida peruana en el distrito de Santa Rosa, El Dorado , San Martín, Perú"
ChIJy--ELGW-sJERyhFZLJ5UAEc,https://www.google.com/maps/place/?q=place_id:ChIJy--ELGW-sJERyhFZLJ5UAEc,El Dorado,,,,,,,"-6.5304119,-76.7798172",,,"Comida peruana en el distrito de Santa Rosa, El Dorado , San Martín, Perú"
ChIJ81FZNAC3vJURg5aBBv-uizc,https://www.google.com/maps/place/?q=place_id:ChIJ81FZNAC3vJURg5aBBv-uizc,"Restaurante y pollería ""EL BUEN SABOR""",Restaurante,"Estrada 2001, B1650 Villa Maipú, Provincia de Buenos Aires, Argentina",011 3894-2138,+54 11 3894-2138,,,"-34.5685413,-58.521580199999995",4.8,,"Comida peruana en el distrito de Santa Rosa, El Dorado , San Martín, Perú"
ChIJBUl-QgDdhJURp5WTF_JuW6A,https://www.google.com/maps/place/?q=place_id:ChIJBUl-QgDdhJURp5WTF_JuW6A,El buen sabor shopinng peatonal piso 3,Restaurante,"Peatonal San Martín 2236, B7600GQD Mar del Plata, Provincia de Buenos Aires, Argentina",0223 682-4883,+54 223 682-4883,elbuensaborcomidaperuana.com,http://elbuensaborcomidaperuana.com/,"-38.0015016,-57.5437343",4.6,,"Comida peruana en el distrito de Santa Rosa, El Dorado , San Martín, Perú"
ChIJ1Z9xqSK5BZERx2gKd65YifM,https://www.google.com/maps/place/?q=place_id:ChIJ1Z9xqSK5BZERx2gKd65YifM,Polleria el dorado,Pollería,"La Merced 234, Villa María del Triunfo 15817",(01) 5970864,+51 1 5970864,,,"-12.181706499999999,-76.9410493",3.7,,"Comida peruana en el distrito de Santa Rosa, El Dorado , San Martín, Perú"
ChIJGR_e8O23BZERtIDRCkVeiTg,https://www.google.com/maps/place/?q=place_id:ChIJGR_e8O23BZERtIDRCkVeiTg,Isolina Taberna Peruana,Restaurante peruano,"Av. San Martín 101, Lima 15063",943 833 031,+51 943 833 031,isolina.pe,http://isolina.pe/,"-12.147633599999999,-77.02232049999999",4.6,,"Comida peruana en el distrito de Santa Rosa, El Dorado , San Martín, Perú"
ChIJFRQCUgy3vJURbi7mz5Ld7dE,https://www.google.com/maps/place/?q=place_id:ChIJFRQCUgy3vJURbi7mz5Ld7dE,Las Delicias Villa Maipu,Restaurante,"Estrada 2773, B1650 Villa Maipú, Provincia de Buenos Aires, Argentina",011 4752-1118,+54 11 4752-1118,instagram.com,https://www.instagram.com/deliciasvillamaipu/,"-34.5722222,-58.528055599999995",4.1,,"Comida peruana en el distrito de Santa Rosa, El Dorado , San Martín, Perú"
ChIJY67unwC7BZER3f2_-Z-kGHY,https://www.google.com/maps/place/?q=place_id:ChIJY67unwC7BZER3f2_-Z-kGHY,Polleria El Dorado,Restaurante especializado en pollo,Lima 15836,913 689 213,+51 913 689 213,,,"-12.2267455,-76.9251462",4,,"Comida peruana en el distrito de Santa Rosa, El Dorado , San Martín, Perú"
ChIJaZj1YgCdvJURQonWJyeH1pU,https://www.google.com/maps/place/?q=place_id:ChIJaZj1YgCdvJURQonWJyeH1pU,Mí rico Perú,Restaurante familiar,"San Martín 528, B1629ETL Pilar, Provincia de Buenos Aires, Argentina",0230 442-3366,+54 230 442-3366,,,"-34.4572764,-58.914607",3.9,,"Comida peruana en el distrito de Santa Rosa, El Dorado , San Martín, Perú"
ChIJVVV5w97IBZERejvqxoq0N1E,https://www.google.com/maps/place/?q=place_id:ChIJVVV5w97IBZERejvqxoq0N1E,El Pichito Breña,Restaurante,"Jr, Jirón Gral. Vidal 803, Breña",(01) 3304732,+51 1 3304732,elpichito.com,http://www.elpichito.com/,"-12.0596762,-77.052736",4.2,,"Comida peruana en el distrito de Santa Rosa, El Dorado , San Martín, Perú"
ChIJBwQCO_HQBZERd0IyOWvGIxw,https://www.google.com/maps/place/?q=place_id:ChIJBwQCO_HQBZERd0IyOWvGIxw,Restaurant EL DORADO,Restaurante,"Arequipa 310, Comas 15316",(01) 4872124,+51 1 4872124,,,"-11.9007629,-77.04061659999999",4.2,,"Comida peruana en el distrito de Santa Rosa, El Dorado , San Martín, Perú"
ChIJF-FTErzOBZERwFLRw6npJ-0,https://www.google.com/maps/place/?q=place_id:ChIJF-FTErzOBZERwFLRw6npJ-0,Cevicheria Sibichi,Restaurante,"Jirón Lambayeque 3707, Lima 15106",949 292 298,+51 949 292 298,facebook.com,https://www.facebook.com/sibichi.peru/?fref=ts,"-12.025848,-77.086531",4.5,,"Comida peruana en el distrito de Santa Rosa, El Dorado , San Martín, Perú"
ChIJ0y1kV_e8o5ERJwKSqRMJ8cE,https://www.google.com/maps/place/?q=place_id:ChIJ0y1kV_e8o5ERJwKSqRMJ8cE,Cevichería El Dorado,Restaurante,"Av. San Martin 898, Pucallpa 25001",(061) 575428,+51 61 575428,cevicheria-el-dorado.ola.click,https://cevicheria-el-dorado.ola.click/,"-8.3887997,-74.5344157",4.5,,"Comida peruana en el distrito de Santa Rosa, El Dorado , San Martín, Perú"
ChIJowHsUSHRBZERMuOmbKXWF0Q,https://www.google.com/maps/place/?q=place_id:ChIJowHsUSHRBZERMuOmbKXWF0Q,Restaurante EL SHERETE,Restaurante,"3W29+QJ4, Los Olivos 15307",,,,,"-11.948104299999999,-77.08093749999999",4.8,,"Comida peruana en el distrito de Santa Rosa, El Dorado , San Martín, Perú"
ChIJ2VTq083RBZERIHXB36FH0Ds,https://www.google.com/maps/place/?q=place_id:ChIJ2VTq083RBZERIHXB36FH0Ds,EL DORADO,Restaurante,"Av. los Ángeles 243, Comas 15314",(01) 5368033,+51 1 5368033,,,"-11.9393479,-77.06123939999999",4.4,,"Comida peruana en el distrito de Santa Rosa, El Dorado , San Martín, Perú"
ChIJrzTHOPQLupERVNNk5_6zL5Q,https://www.google.com/maps/place/?q=place_id:ChIJrzTHOPQLupERVNNk5_6zL5Q,Delicias Tarapoto,Restaurante,"Jr. Arica 110, Tarapoto 22201",999 099 924,+51 999 099 924,instagram.com,https://instagram.com/deliciastarapoto?igshid=YmMyMTA2M2Y=,"-6.4942457,-76.3679709",4.3,,"Comida peruana en el distrito de Santa Rosa, El Dorado , San Martín, Perú"
ChIJR5Efmc_OBZER0FfMdnqNRPc,https://www.google.com/maps/place/?q=place_id:ChIJR5Efmc_OBZER0FfMdnqNRPc,Mercado Santa Rosa de las Américas,Mercado,"Filadelfia 2317, San Martín de Porres 15101",,,facebook.com,https://www.facebook.com/Mercado-Santa-Rosa-de-las-Am%C3%A9ricas-106098524792384,"-12.0327726,-77.0704506",4,,"Comida rapida en el distrito de Santa Rosa, El Dorado , San Martín, Perú"
ChIJhdLaHKfPBZERkqsph_luCtc,https://www.google.com/maps/place/?q=place_id:ChIJhdLaHKfPBZERkqsph_luCtc,Restaurante El Buen Sabor - 24 Horas,Restaurante,"Av. Carlos Izaguirre 535, Los Olivos 15301",(01) 6388082,+51 1 6388082,,,"-11.990931,-77.0675924",3.7,,"Comida rapida en el distrito de Santa Rosa, El Dorado , San Martín, Perú"
ChIJVeotxrLPBZERCweu9pkSWcU,https://www.google.com/maps/place/?q=place_id:ChIJVeotxrLPBZERCweu9pkSWcU,CHIPI'S,Restaurante de comida rápida,"Av. Germán Aguirre 688, San Martín de Porres 15103",998 109 583,+51 998 109 583,chipis1.com,https://www.chipis1.com/,"-12.015282,-77.0718002",4.1,,"Comida rapida en el distrito de Santa Rosa, El Dorado , San Martín, Perú"
ChIJmRn6AMLPBZERHUGpXyqDqSo,https://www.google.com/maps/place/?q=place_id:ChIJmRn6AMLPBZERHUGpXyqDqSo,Thaylor’s Fast Food,Restaurante,"Jr. Sta Eulalia Mz e, Los Olivos 15302",929 634 866,+51 929 634 866,,,"-12.0087543,-77.07884299999999",5,,"Comida rapida en el distrito de Santa Rosa, El Dorado , San Martín, Perú"
ChIJ2yMCzybPBZERy_-PzFF9f4A,https://www.google.com/maps/place/?q=place_id:ChIJ2yMCzybPBZERy_-PzFF9f4A,Restaurante El Buen Sabor,Restaurante peruano,"XWFW+RWQ, Av. Eduardo de Habich, San Martín de Porres 15102",989 168 202,+51 989 168 202,,,"-12.025419,-77.052655",3.9,,"Comida rapida en el distrito de Santa Rosa, El Dorado , San Martín, Perú"
ChIJ32DcQAALupER580y4OVRHEA,https://www.google.com/maps/place/?q=place_id:ChIJ32DcQAALupER580y4OVRHEA,Piero's Restaurant - FAST FOOD,Restaurante de comida rápida,"Av. Tupac Amaru S/N, 22730",991 982 917,+51 991 982 917,,,"-6.820517199999999,-76.5757672",4.2,,"Comida rapida en el distrito de Santa Rosa, El Dorado , San Martín, Perú"
ChIJtQwk27jFBZERyt9PgnmeXgE,https://www.google.com/maps/place/?q=place_id:ChIJtQwk27jFBZERyt9PgnmeXgE,MAMA ROSA - comida rápida,Restaurante de comida rápida,"Av. Los Postes Oeste 148, San Juan de Lurigancho 15419",,,,,"-11.9973595,-77.01088709999999",3.2,,"Comida rapida en el distrito de Santa Rosa, El Dorado , San Martín, Perú"
ChIJH8I9UwvPBZERufNf2eLP7DM,https://www.google.com/maps/place/?q=place_id:ChIJH8I9UwvPBZERufNf2eLP7DM,Hector cachapas,Restaurante,"Av. José Granda 3356, San Martín de Porres 07031",969 049 234,+51 969 049 234,instagram.com,https://instagram.com/hectorcachapass?utm_medium=copy_link,"-12.0233946,-77.08156129999999",4.9,,"Comida rapida en el distrito de Santa Rosa, El Dorado , San Martín, Perú"
ChIJO57cWE3PBZERYa_u54IbVhE,https://www.google.com/maps/place/?q=place_id:ChIJO57cWE3PBZERYa_u54IbVhE,"Juguería ""KoKy's"" & Heladería ""D'Lara""",Restaurante de comida rápida,"Av. Naranjal 1307 Urb, Los Olivos 15304",,,,,"-11.9775612,-77.0797752",4,,"Comida rapida en el distrito de Santa Rosa, El Dorado , San Martín, Perú"
ChIJH_LOeACJsJERiJ2J6y16tGo,https://www.google.com/maps/place/?q=place_id:ChIJH_LOeACJsJERiJ2J6y16tGo,Salchipolleria el Amigo,Restaurante de comida rápida,"Jiron: Lima S/N, Huingoyacu 22730",,,,,"-6.8609528,-76.6658465",1,,"Comida rapida en el distrito de Santa Rosa, El Dorado , San Martín, Perú"
ChIJ8zAVKggMupERMh8eLN5Akqw,https://www.google.com/maps/place/?q=place_id:ChIJ8zAVKggMupERMh8eLN5Akqw,FOGÓN DORADO TARAPOTO,Restaurante,"Jirón Martínez de Compañón 520, Tarapoto 22202",(042) 523326,+51 42 523326,,,"-6.4902951,-76.36369359999999",3.8,,"Parrillas en el distrito de Santa Rosa, El Dorado , San Martín, Perú"
ChIJzc_6YQYMupEREsE5xXoQzfo,https://www.google.com/maps/place/?q=place_id:ChIJzc_6YQYMupEREsE5xXoQzfo,El Callejon De Las Parrillas,Restaurante,"Jr. Bolognesi 173, Tarapoto 22202",993 520 378,+51 993 520 378,,,"-6.4854667,-76.3589094",4.4,,"Parrillas en el distrito de Santa Rosa, El Dorado , San Martín, Perú"
ChIJ9ahRs-ALupEReQmTp1GeEPI,https://www.google.com/maps/place/?q=place_id:ChIJ9ahRs-ALupEReQmTp1GeEPI,Sobre Brasas,Restaurante,"Jirón San Martín 1101, Tarapoto 22201",975 141 554,+51 975 141 554,,,"-6.4808194,-76.36703179999999",4.5,,"Parrillas en el distrito de Santa Rosa, El Dorado , San Martín, Perú"
ChIJqURqhvwLupERWmSMRJDWzS4,https://www.google.com/maps/place/?q=place_id:ChIJqURqhvwLupERWmSMRJDWzS4,Pollos Y Parrillas el FOGÓN DORADO,Restaurante,"Jr. Martinez de Compagñón 552, Tarapoto 22201",979 186 963,+51 979 186 963,fogondorado.restaurant,http://fogondorado.restaurant/,"-6.4824784,-76.3726891",,,"Parrillas en el distrito de Santa Rosa, El Dorado , San Martín, Perú"
ChIJ_dpjdZEJupERj3qZXTphJ-k,https://www.google.com/maps/place/?q=place_id:ChIJ_dpjdZEJupERj3qZXTphJ-k,Polleria Fogon Dorado,Restaurante especializado en pollo,"Jr. Manco Capac 104-198, Tarapoto 22201",979 186 963,+51 979 186 963,,,"-6.4772777,-76.3872265",3.7,,"Parrillas en el distrito de Santa Rosa, El Dorado , San Martín, Perú"
ChIJ6XEdCKTJBZERzl3OeGfqc2I,https://www.google.com/maps/place/?q=place_id:ChIJ6XEdCKTJBZERzl3OeGfqc2I,Dulceria Santa Rosa,Tienda de postres,"Jr.Leoncio Prado 471, Magdalena del Mar 15086",(01) 2635053,+51 1 2635053,,,"-12.093847199999999,-77.073793",4.4,,"Pastelería en el distrito de Santa Rosa, El Dorado , San Martín, Perú"
ChIJS6axBMjIBZERpczicBUknII,https://www.google.com/maps/place/?q=place_id:ChIJS6axBMjIBZERpczicBUknII,Pastelería San Martín,Pastelería,"Portal de, Gonzales 991, Lima 15064",(01) 4289091,+51 1 4289091,facebook.com,https://www.facebook.com/pastesanmartin,"-12.051350399999999,-77.033864",4.1,,"Pastelería en el distrito de Santa Rosa, El Dorado , San Martín, Perú"
ChIJa2jWavfXBZER-Ikq1bkkq6M,https://www.google.com/maps/place/?q=place_id:ChIJa2jWavfXBZER-Ikq1bkkq6M,"Panaderia y Pastelería ""El Dorado""",Panadería,"5W73+H2G, Sta+Margarita+90,+Puente+Piedra+15122, +Perú 15122",,,,,"-11.8360644,-77.0974079",4.3,,"Pastelería en el distrito de Santa Rosa, El Dorado , San Martín, Perú"
ChIJT5kMF5tir5ER0e1B_FjU5mc,https://www.google.com/maps/place/?q=place_id:ChIJT5kMF5tir5ER0e1B_FjU5mc,Panadería Y Pastelería El Dorado,Panadería,"Av. Carlos arevalo N°1139, Uchiza 22561",974 641 380,+51 974 641 380,,,"-8.453734599999999,-76.46411839999999",3.5,,"Pastelería en el distrito de Santa Rosa, El Dorado , San Martín, Perú"
ChIJszlixgbJBZERMgIbchA0Yqo,https://www.google.com/maps/place/?q=place_id:ChIJszlixgbJBZERMgIbchA0Yqo,Dulcería Rosita,Tienda de postres,"Jirón Cabo Nicolás Gutarra 398, Lima 15084",(01) 4603198,+51 1 4603198,,,"-12.083087299999999,-77.0630614",4.3,,"Pastelería en el distrito de Santa Rosa, El Dorado , San Martín, Perú"
ChIJ46Tw2gEMupER0hDXfASMipI,https://www.google.com/maps/place/?q=place_id:ChIJ46Tw2gEMupER0hDXfASMipI,San Mathias Panadería Pastelería,Pastelería,"Av. Circunvalación 725, Tarapoto 22202",(042) 529810,+51 42 529810,,,"-6.478044799999999,-76.3600197",4.3,,"Pastelería en el distrito de Santa Rosa, El Dorado , San Martín, Perú"
ChIJ500ZXxoNqZERRl-dQngYC5Q,https://www.google.com/maps/place/?q=place_id:ChIJ500ZXxoNqZERRl-dQngYC5Q,Santa Rosa pasteleria,Panadería,"Jr.San Martin 1034, Huaraz 02001",959 075 614,+51 959 075 614,,,"-9.5324172,-77.5305554",4,,"Pastelería en el distrito de Santa Rosa, El Dorado , San Martín, Perú"
ChIJa0QK1LXRBZERBXzkRIUzRkE,https://www.google.com/maps/place/?q=place_id:ChIJa0QK1LXRBZERBXzkRIUzRkE,Panadería Pastelería EL DORADO,Panadería,"51, Carabayllo 15318",933 095 809,+51 933 095 809,facebook.com,https://www.facebook.com/profile.php?id=100082848836884&mibextid=ZbWKwL,"-11.879911799999999,-77.0368534",4.4,,"Pastelería en el distrito de Santa Rosa, El Dorado , San Martín, Perú"
ChIJ1SIft3I9rZERsJCbBA6MtcU,https://www.google.com/maps/place/?q=place_id:ChIJ1SIft3I9rZERsJCbBA6MtcU,PASTELERIA EL DORADO,Cafetería,"URB, EL CORTIJO Mz U Lote 10, Trujillo 13011",991 981 055,+51 991 981 055,facebook.com,https://www.facebook.com/Pastelerias-El-Dorado-1786193131659049,"-8.1082283,-79.0430323",3,,"Pastelería en el distrito de Santa Rosa, El Dorado , San Martín, Perú"
ChIJZ8_urlQNupERzBIohfztZnc,https://www.google.com/maps/place/?q=place_id:ChIJZ8_urlQNupERzBIohfztZnc,Pasteleria D'Glass,Pastelería,"Jr. Cahuide 642, Tarapoto 22202",935 722 171,+51 935 722 171,,,"-6.4859656999999995,-76.35551989999999",5,,"Pastelería en el distrito de Santa Rosa, El Dorado , San Martín, Perú"
ChIJt58CfHQJupEROw0StZMCpLc,https://www.google.com/maps/place/?q=place_id:ChIJt58CfHQJupEROw0StZMCpLc,Mirkodoni Panadería Pastelería,Tienda de alimentación,"Jr. Augusto B. leguia 567, Tarapoto 22201",949 559 931,+51 949 559 931,,,"-6.475975999999999,-76.3823613",4.1,,"Pastelería en el distrito de Santa Rosa, El Dorado , San Martín, Perú"
ChIJq-cgnfCWsJERsePjZdwtQ8E,https://www.google.com/maps/place/?q=place_id:ChIJq-cgnfCWsJERsePjZdwtQ8E,Panadería Pastelería Caleb,Panadería,"98J2+F8M, SM-102, San José de Sisa 22700",,,,,"-6.6187792,-76.69918849999999",5,,"Pastelería en el distrito de Santa Rosa, El Dorado , San Martín, Perú"
ChIJEdOgFf_IBZERlcK7PHZl2EI,https://www.google.com/maps/place/?q=place_id:ChIJEdOgFf_IBZERlcK7PHZl2EI,Dul&Pas - Dulces y Pasteles,Pastelería francesa,"Edificio, Los Fresnos L 37, Jesús María 15076",950 936 392,+51 950 936 392,facebook.com,http://www.facebook.com/dulypas/,"-12.086491299999999,-77.0538736",4.1,,"Pastelería en el distrito de Santa Rosa, El Dorado , San Martín, Perú"
ChIJ55_rQZDPBZERabYEINh5UHo,https://www.google.com/maps/place/?q=place_id:ChIJ55_rQZDPBZERabYEINh5UHo,Marieli's,Pastelería,"Jr, Augusto Aguirre Soto 3250, San Martín de Porres 15107",936 228 385,+51 936 228 385,instagram.com,https://www.instagram.com/tortas_marielis/,"-12.0247903,-77.07995939999999",4.8,,"Pastelería en el distrito de Santa Rosa, El Dorado , San Martín, Perú"
ChIJzUQSywcMupERdzAf23lAPGY,https://www.google.com/maps/place/?q=place_id:ChIJzUQSywcMupERdzAf23lAPGY,Panaderia Y Pasteleria Mirkodoni,Panadería,"Jr. Alegría Arias de Morey 121, Tarapoto 22201",,,,,"-6.4868616999999995,-76.360984",5,,"Pastelería en el distrito de Santa Rosa, El Dorado , San Martín, Perú"
ChIJrSfj-AINupER4zlokIfTqL0,https://www.google.com/maps/place/?q=place_id:ChIJrSfj-AINupER4zlokIfTqL0,San Mathias Juan Vargas,Panadería,"GJ4Q+QWJ, Jr. Juan Vargas, Tarapoto 22202",,,,,"-6.4930391,-76.3602192",5,,"Pastelería en el distrito de Santa Rosa, El Dorado , San Martín, Perú"
ChIJB-Kh8fcLupERHhYNglt2rXw,https://www.google.com/maps/place/?q=place_id:ChIJB-Kh8fcLupERHhYNglt2rXw,Pasteleria Deli,Pastelería,"Jr. Tahuantinsuyo 331, Tarapoto 22202",942 676 758,+51 942 676 758,facebook.com,https://www.facebook.com/Pasteler%C3%ADa-DELI-349051355266147/,"-6.488454099999999,-76.36481069999999",3.5,,"Pastelería en el distrito de Santa Rosa, El Dorado , San Martín, Perú"
ChIJKQ9aAfcLupERzb-kTIYI9t0,https://www.google.com/maps/place/?q=place_id:ChIJKQ9aAfcLupERzb-kTIYI9t0,Doña Shemi,Panadería,"Av Alfonso Ugarte 771, Tarapoto 22201",(042) 523244,+51 42 523244,,,"-6.4903949999999995,-76.3669583",4.4,,"Pastelería en el distrito de Santa Rosa, El Dorado , San Martín, Perú"
ChIJpWbKuwcMupER4wH8OeI5diE,https://www.google.com/maps/place/?q=place_id:ChIJpWbKuwcMupER4wH8OeI5diE,DYCATA panadería café,Pastelería,"Jirón San Martín 302, Tarapoto 22202",(042) 521240,+51 42 521240,,,"-6.486234,-76.3617517",3.2,,"Pastelería en el distrito de Santa Rosa, El Dorado , San Martín, Perú"
ChIJ8Yzvx_cLupERjntUlriS8JA,https://www.google.com/maps/place/?q=place_id:ChIJ8Yzvx_cLupERjntUlriS8JA,Pasteleria Lila,Pastelería,"Jr. Orellana 230, Tarapoto 22201",(042) 523543,+51 42 523543,facebook.com,https://www.facebook.com/pastelerialilatarapoto,"-6.4899211999999995,-76.3651083",4,,"Pastelería en el distrito de Santa Rosa, El Dorado , San Martín, Perú"
ChIJ77LbsXi3BZERyA22_cliTO8,https://www.google.com/maps/place/?q=place_id:ChIJ77LbsXi3BZERyA22_cliTO8,Panadería - Pastelería - Bodega Santa Rosa,Panadería,"RXFM+W9J, Lima 15064",978 696 531,+51 978 696 531,,,"-12.175167799999999,-77.01660319999999",4.3,,"Panadería en el distrito de Santa Rosa, El Dorado , San Martín, Perú"
ChIJ1xPNVN_OBZEROQb3En64ng8,https://www.google.com/maps/place/?q=place_id:ChIJ1xPNVN_OBZEROQb3En64ng8,Panadería Pastelería & Cafetería El Gran Molino,Panadería,"Av. Honorio Delgado 499, San Martín de Porres 15102",989 021 960,+51 989 021 960,,,"-12.025222699999999,-77.0565731",4.3,,"Panadería en el distrito de Santa Rosa, El Dorado , San Martín, Perú"
ChIJazBdCQCFsJERwdXqB1R7DGU,https://www.google.com/maps/place/?q=place_id:ChIJazBdCQCFsJERwdXqB1R7DGU,Panadería cristama,Bodega,"7C3J+QPF, Santa Rosa 22720",,,,,"-6.7448825,-76.56918739999999",,,"Panadería en el distrito de Santa Rosa, El Dorado , San Martín, Perú"
ChIJa2jWavfXBZER-Ikq1bkkq6M,https://www.google.com/maps/place/?q=place_id:ChIJa2jWavfXBZER-Ikq1bkkq6M,"Panaderia y Pastelería ""El Dorado""",Panadería,"5W73+H2G, Sta+Margarita+90,+Puente+Piedra+15122, +Perú 15122",,,,,"-11.8360644,-77.0974079",4.3,,"Panadería en el distrito de Santa Rosa, El Dorado , San Martín, Perú"
ChIJT5kMF5tir5ER0e1B_FjU5mc,https://www.google.com/maps/place/?q=place_id:ChIJT5kMF5tir5ER0e1B_FjU5mc,Panadería Y Pastelería El Dorado,Panadería,"Av. Carlos arevalo N°1139, Uchiza 22561",974 641 380,+51 974 641 380,,,"-8.453734599999999,-76.46411839999999",3.5,,"Panadería en el distrito de Santa Rosa, El Dorado , San Martín, Perú"
ChIJq5V-9OHOBZERwXWYZteLy_U,https://www.google.com/maps/place/?q=place_id:ChIJq5V-9OHOBZERwXWYZteLy_U,Pastelería D'Luis,Pastelería,"Av. Fray Bartolomé de las Casas 500, San Martín de Porres 15102",971 365 618,+51 971 365 618,instagram.com,https://www.instagram.com/pasteleriadluis/,"-12.0141602,-77.057636",4.1,,"Panadería en el distrito de Santa Rosa, El Dorado , San Martín, Perú"
ChIJ46Tw2gEMupER0hDXfASMipI,https://www.google.com/maps/place/?q=place_id:ChIJ46Tw2gEMupER0hDXfASMipI,San Mathias Panadería Pastelería,Pastelería,"Av. Circunvalación 725, Tarapoto 22202",(042) 529810,+51 42 529810,,,"-6.478044799999999,-76.3600197",4.3,,"Panadería en el distrito de Santa Rosa, El Dorado , San Martín, Perú"
ChIJa0QK1LXRBZERBXzkRIUzRkE,https://www.google.com/maps/place/?q=place_id:ChIJa0QK1LXRBZERBXzkRIUzRkE,Panadería Pastelería EL DORADO,Panadería,"51, Carabayllo 15318",933 095 809,+51 933 095 809,facebook.com,https://www.facebook.com/profile.php?id=100082848836884&mibextid=ZbWKwL,"-11.879911799999999,-77.0368534",4.4,,"Panadería en el distrito de Santa Rosa, El Dorado , San Martín, Perú"
ChIJq-cgnfCWsJERsePjZdwtQ8E,https://www.google.com/maps/place/?q=place_id:ChIJq-cgnfCWsJERsePjZdwtQ8E,Panadería Pastelería Caleb,Panadería,"98J2+F8M, SM-102, San José de Sisa 22700",,,,,"-6.6187792,-76.69918849999999",5,,"Panadería en el distrito de Santa Rosa, El Dorado , San Martín, Perú"
ChIJt58CfHQJupEROw0StZMCpLc,https://www.google.com/maps/place/?q=place_id:ChIJt58CfHQJupEROw0StZMCpLc,Mirkodoni Panadería Pastelería,Tienda de alimentación,"Jr. Augusto B. leguia 567, Tarapoto 22201",949 559 931,+51 949 559 931,,,"-6.475975999999999,-76.3823613",4.1,,"Panadería en el distrito de Santa Rosa, El Dorado , San Martín, Perú"
ChIJc-26xJwNupERpyL4liTVFuM,https://www.google.com/maps/place/?q=place_id:ChIJc-26xJwNupERpyL4liTVFuM,Almendra panaderia pasteleria,Panadería,"jr: San Martin 507, Tarapoto 22202",967 083 341,+51 967 083 341,,,"-6.4847193,-76.36335179999999",5,,"Panadería en el distrito de Santa Rosa, El Dorado , San Martín, Perú"
ChIJ_7hHkqa5BZERJhr4a8FoRRI,https://www.google.com/maps/place/?q=place_id:ChIJ_7hHkqa5BZERJhr4a8FoRRI,DonPan,Pastelería especializada en tartas nupciales,"Av. Los Próceres Mz G1 lote 39, Honor y Lealtad, Santiago de Surco 15056",994 118 459,+51 994 118 459,,,"-12.1602614,-76.9889554",4,,"Panadería en el distrito de Santa Rosa, El Dorado , San Martín, Perú"
ChIJT-rEOj1bspERm1Fkv55djmY,https://www.google.com/maps/place/?q=place_id:ChIJT-rEOj1bspERm1Fkv55djmY,Panadería Mendoza de Rosa Mendoza,Panadería,"Jirón Ayacucho 1301, Cajamarca 06002",935 801 583,+51 935 801 583,,,"-7.1555965,-78.50926919999999",4.3,,"Panadería en el distrito de Santa Rosa, El Dorado , San Martín, Perú"
ChIJwaLfkfiWsJERwARFFfQOcWs,https://www.google.com/maps/place/?q=place_id:ChIJwaLfkfiWsJERwARFFfQOcWs,Panadería La Unión,Panadería,"98Q3+2R8, SM-100, San José de Sisa",,,,,"-6.6124525,-76.6954256",,,"Panadería en el distrito de Santa Rosa, El Dorado , San Martín, Perú"
ChIJzUQSywcMupERdzAf23lAPGY,https://www.google.com/maps/place/?q=place_id:ChIJzUQSywcMupERdzAf23lAPGY,Panaderia Y Pasteleria Mirkodoni,Panadería,"Jr. Alegría Arias de Morey 121, Tarapoto 22201",,,,,"-6.4868616999999995,-76.360984",5,,"Panadería en el distrito de Santa Rosa, El Dorado , San Martín, Perú"
ChIJKQ9aAfcLupERzb-kTIYI9t0,https://www.google.com/maps/place/?q=place_id:ChIJKQ9aAfcLupERzb-kTIYI9t0,Doña Shemi,Panadería,"Av Alfonso Ugarte 771, Tarapoto 22201",(042) 523244,+51 42 523244,,,"-6.4903949999999995,-76.3669583",4.4,,"Panadería en el distrito de Santa Rosa, El Dorado , San Martín, Perú"
ChIJB-Kh8fcLupERHhYNglt2rXw,https://www.google.com/maps/place/?q=place_id:ChIJB-Kh8fcLupERHhYNglt2rXw,Pasteleria Deli,Pastelería,"Jr. Tahuantinsuyo 331, Tarapoto 22202",942 676 758,+51 942 676 758,facebook.com,https://www.facebook.com/Pasteler%C3%ADa-DELI-349051355266147/,"-6.488454099999999,-76.36481069999999",3.5,,"Panadería en el distrito de Santa Rosa, El Dorado , San Martín, Perú"
ChIJpWbKuwcMupER4wH8OeI5diE,https://www.google.com/maps/place/?q=place_id:ChIJpWbKuwcMupER4wH8OeI5diE,DYCATA panadería café,Pastelería,"Jirón San Martín 302, Tarapoto 22202",(042) 521240,+51 42 521240,,,"-6.486234,-76.3617517",3.2,,"Panadería en el distrito de Santa Rosa, El Dorado , San Martín, Perú"
ChIJYUgrFAnPBZERpcxtJa4x494,https://www.google.com/maps/place/?q=place_id:ChIJYUgrFAnPBZERpcxtJa4x494,Helados de crema Santiago,Heladería,"Jr uranio 665 Lima, LIMA 01",993 074 479,+51 993 074 479,,,"-11.965937799999999,-77.0904134",3,,"Heladería en el distrito de Santa Rosa, El Dorado , San Martín, Perú"
ChIJ3fJosMl1BZER37M3TsWGvXk,https://www.google.com/maps/place/?q=place_id:ChIJ3fJosMl1BZER37M3TsWGvXk,Helados Artesanales E. T.,Heladería,"F7R7+H92, Ctra. Panamericana Sur, Chilca 15871",,,,,"-12.5086161,-76.7366223",4.9,,"Heladería en el distrito de Santa Rosa, El Dorado , San Martín, Perú"
ChIJ2TOABvyWsJERQp2J9gO4H1g,https://www.google.com/maps/place/?q=place_id:ChIJ2TOABvyWsJERQp2J9gO4H1g,helados frutita,Heladería,"98M4+3RV, Jr. Arica, San José de Sisa 22700",928 180 841,+51 928 180 841,,,"-6.6172534999999995,-76.6929574",5,,"Heladería en el distrito de Santa Rosa, El Dorado , San Martín, Perú"
ChIJe3Bl3rDJBZERPH8OMK9MDco,https://www.google.com/maps/place/?q=place_id:ChIJe3Bl3rDJBZERPH8OMK9MDco,Dolce Gelato Jesus Maria,Heladería,"Jr. Huiracocha 1501, Jesús María 15072",934 057 921,+51 934 057 921,,,"-12.0776647,-77.04876689999999",3.9,,"Heladería en el distrito de Santa Rosa, El Dorado , San Martín, Perú"
ChIJK9qUdYK5BZER_xVZlMTsggQ,https://www.google.com/maps/place/?q=place_id:ChIJK9qUdYK5BZER_xVZlMTsggQ,Cielo heladería,Heladería,"Av. 27 de Diciembre 923, Villa María del Triunfo 15818",989 647 985,+51 989 647 985,tiktok.com,https://www.tiktok.com/@cieloheladeria.pe,"-12.1890428,-76.9280971",4.1,,"Heladería en el distrito de Santa Rosa, El Dorado , San Martín, Perú"
ChIJrxnJAGmXsJEREfUTepplEYc,https://www.google.com/maps/place/?q=place_id:ChIJrxnJAGmXsJEREfUTepplEYc,Heladeria Topacio,Heladería,"Jr. Tarapoto, San José de Sisa 22701",986 441 038,+51 986 441 038,,,"-6.6127807,-76.6895124",,,"Heladería en el distrito de Santa Rosa, El Dorado , San Martín, Perú"
ChIJ8Z72MfmWsJERIh_-iVUhGcI,https://www.google.com/maps/place/?q=place_id:ChIJ8Z72MfmWsJERIh_-iVUhGcI,Juguería Y Heladeria Magaly,Tienda de postres,"98P4+2GH, SM-102, San José de Sisa",,,,,"-6.614933,-76.6936391",,,"Heladería en el distrito de Santa Rosa, El Dorado , San Martín, Perú"
ChIJi0YJ_ViHsJERrKEU7hpRTW0,https://www.google.com/maps/place/?q=place_id:ChIJi0YJ_ViHsJERrKEU7hpRTW0,Refrigerios Frica,Heladería,"SM-102 22730, 22730",,,,,"-6.8177081,-76.57506149999999",,,"Heladería en el distrito de Santa Rosa, El Dorado , San Martín, Perú"
ChIJxzNLZN3XbZERYc_u4IOm-n8,https://www.google.com/maps/place/?q=place_id:ChIJxzNLZN3XbZERYc_u4IOm-n8,Davoris'S,Heladería,"CC. El Molino I stand G - 1, Cusco 00800",924 745 524,+51 924 745 524,linktr.ee,https://linktr.ee/davoriss.heladeria,"-13.535158899999999,-71.963318",3.8,,"Heladería en el distrito de Santa Rosa, El Dorado , San Martín, Perú"
ChIJMwAndXTWbZER8tq_MEwQwbc,https://www.google.com/maps/place/?q=place_id:ChIJMwAndXTWbZER8tq_MEwQwbc,HelArte - Helado Artesanal,Heladería,"C. Heladeros 164, Cusco 08002",983 722 166,+51 983 722 166,,,"-13.517688699999999,-71.9800679",3.7,,"Heladería en el distrito de Santa Rosa, El Dorado , San Martín, Perú"
ChIJnZ2MWf8LupERS4uZJLW6AGg,https://www.google.com/maps/place/?q=place_id:ChIJnZ2MWf8LupERS4uZJLW6AGg,"Heladería y Raspadillas Dolcezza, Un Placer Helado",Heladería,"Jr. Manco Inca 660, Tarapoto 22201",993 694 552,+51 993 694 552,instagram.com,https://www.instagram.com/dolcezza_unplacerhelado?utm_source=ig_web_button_share_sheet&igsh=ZDNlZDc0MzIxNw==,"-6.4892243999999994,-76.374541",3,,"Heladería en el distrito de Santa Rosa, El Dorado , San Martín, Perú"
ChIJnUP_3vWasJERQ0EvO1YC7UE,https://www.google.com/maps/place/?q=place_id:ChIJnUP_3vWasJERQ0EvO1YC7UE,Santa Rosa,,22720,,,,,"-6.7109333,-76.5942805",,,"Comida vegana en el distrito de Santa Rosa, El Dorado , San Martín, Perú"
ChIJbR3JfY-asJER94HAKjRAaQ4,https://www.google.com/maps/place/?q=place_id:ChIJbR3JfY-asJER94HAKjRAaQ4,Santa Rosa,,22720,,,,,"-6.7125791999999995,-76.5719414",,,"Comida vegana en el distrito de Santa Rosa, El Dorado , San Martín, Perú"
ChIJgf-v5bXIBZERDgrVI1BQbFg,https://www.google.com/maps/place/?q=place_id:ChIJgf-v5bXIBZERDgrVI1BQbFg,"Restaurante Vegetariano ""Vida Sana""",Restaurante vegetariano,"Jr. Camaná 327, Lima 15001",(01) 5971944,+51 1 5971944,,,"-12.045852,-77.0324739",4.4,,"Comida vegetariana en el distrito de Santa Rosa, El Dorado , San Martín, Perú"
ChIJNfr-ogYMupERxB9Aku-Bc9M,https://www.google.com/maps/place/?q=place_id:ChIJNfr-ogYMupERxB9Aku-Bc9M,Mix Vegetariano,Restaurante,"Jirón Ramirez Hurtado 342, Tarapoto 22202",942 961 030,+51 942 961 030,facebook.com,https://www.facebook.com/Mix.Vegetariano/,"-6.4863478,-76.3587707",4.7,,"Comida vegetariana en el distrito de Santa Rosa, El Dorado , San Martín, Perú"
ChIJ8eRI1KENupERb2B1u9yyu0o,https://www.google.com/maps/place/?q=place_id:ChIJ8eRI1KENupERb2B1u9yyu0o,Mantra Alimentación Consciente,Restaurante vegetariano,"Jirón Ramirez Hurtado 378, Tarapoto 22200",991 591 519,+51 991 591 519,ola.click,https://mantraalimentacionconsciente.ola.click/,"-6.4861642999999995,-76.3586145",4.7,,"Comida vegetariana en el distrito de Santa Rosa, El Dorado , San Martín, Perú"
ChIJaYNHlWrOBZERtdEuAHEqtMY,https://www.google.com/maps/place/?q=place_id:ChIJaYNHlWrOBZERtdEuAHEqtMY,Restaurante la campesina,Restaurante vegetariano,"Av. Naranjal 1375, Los Olivos 15304",961 539 833,+51 961 539 833,,,"-11.9771872,-77.0809719",4.2,,"Comida vegetariana en el distrito de Santa Rosa, El Dorado , San Martín, Perú"
ChIJP4sK6l_IBZERQID5fJj1Pj8,https://www.google.com/maps/place/?q=place_id:ChIJP4sK6l_IBZERQID5fJj1Pj8,Sampe's,Restaurante vegetariano,"Jirón Tomás Guido 172, Lince 15046",941 604 753,+51 941 604 753,,,"-12.0871607,-77.03444429999999",4.2,,"Comida vegetariana en el distrito de Santa Rosa, El Dorado , San Martín, Perú"
ChIJncFikGDIBZERI_ZT-7867vc,https://www.google.com/maps/place/?q=place_id:ChIJncFikGDIBZERI_ZT-7867vc,Loving Hut Lince,Restaurante vegano,"Av. Petit Thouars 2545, Lince 15046",989 327 996,+51 989 327 996,,,"-12.0892287,-77.0325422",4.4,,"Comida vegetariana en el distrito de Santa Rosa, El Dorado , San Martín, Perú"
ChIJQ8cP9EcNupERxfzl4dWbkY8,https://www.google.com/maps/place/?q=place_id:ChIJQ8cP9EcNupERxfzl4dWbkY8,El Nuevo Edén Restaurant Vegetariano,Restaurante vegetariano,"GJ6R+X8X, Tarapoto 22202",,,,,"-6.4875074999999995,-76.35912979999999",4.5,,"Comida vegetariana en el distrito de Santa Rosa, El Dorado , San Martín, Perú"
ChIJT_e0UQDJBZERy0q8Q_RChwo,https://www.google.com/maps/place/?q=place_id:ChIJT_e0UQDJBZERy0q8Q_RChwo,Puerto Santa Rosa - Cevichería,Restaurante,"Pje. Nicolás de Ribera 118, Lima 15001",,,instagram.com,https://www.instagram.com/puertosantarosa,"-12.0448797,-77.0314915",4.6,,"Comida marina en el distrito de Santa Rosa, El Dorado , San Martín, Perú"
ChIJmcIaRsaXsJERJDV11K2DFEA,https://www.google.com/maps/place/?q=place_id:ChIJmcIaRsaXsJERJDV11K2DFEA,Pulpo Dorado Cevichería - Restaurant,Marisquería,"Jr. Lamas S/N, San José de Sisa",925 709 578,+51 925 709 578,,,"-6.6136762,-76.6905428",5,,"Comida marina en el distrito de Santa Rosa, El Dorado , San Martín, Perú"
ChIJnUP_3vWasJERQ0EvO1YC7UE,https://www.google.com/maps/place/?q=place_id:ChIJnUP_3vWasJERQ0EvO1YC7UE,Santa Rosa,,22720,,,,,"-6.7109333,-76.5942805",,,"Comida fusión en el distrito de Santa Rosa, El Dorado , San Martín, Perú"
ChIJbR3JfY-asJER94HAKjRAaQ4,https://www.google.com/maps/place/?q=place_id:ChIJbR3JfY-asJER94HAKjRAaQ4,Santa Rosa,,22720,,,,,"-6.7125791999999995,-76.5719414",,,"Comida fusión en el distrito de Santa Rosa, El Dorado , San Martín, Perú"
ChIJnUP_3vWasJERQ0EvO1YC7UE,https://www.google.com/maps/place/?q=place_id:ChIJnUP_3vWasJERQ0EvO1YC7UE,Santa Rosa,,22720,,,,,"-6.7109333,-76.5942805",,,"Comida mediterránea en el distrito de Santa Rosa, El Dorado , San Martín, Perú"
ChIJbR3JfY-asJER94HAKjRAaQ4,https://www.google.com/maps/place/?q=place_id:ChIJbR3JfY-asJER94HAKjRAaQ4,Santa Rosa,,22720,,,,,"-6.7125791999999995,-76.5719414",,,"Comida mediterránea en el distrito de Santa Rosa, El Dorado , San Martín, Perú"
ChIJnUP_3vWasJERQ0EvO1YC7UE,https://www.google.com/maps/place/?q=place_id:ChIJnUP_3vWasJERQ0EvO1YC7UE,Santa Rosa,,22720,,,,,"-6.7109333,-76.5942805",,,"Salchipapa en el distrito de Santa Rosa, El Dorado , San Martín, Perú"
ChIJbR3JfY-asJER94HAKjRAaQ4,https://www.google.com/maps/place/?q=place_id:ChIJbR3JfY-asJER94HAKjRAaQ4,Santa Rosa,,22720,,,,,"-6.7125791999999995,-76.5719414",,,"Salchipapa en el distrito de Santa Rosa, El Dorado , San Martín, Perú"
ChIJS0X8aJfNBZER_MzU2peG-Fw,https://www.google.com/maps/place/?q=place_id:ChIJS0X8aJfNBZER_MzU2peG-Fw,Daniel's Sanguchería,Restaurante,"2V3P+9G, Virgen de Carmen, Jr, Pisac Mz B, San Martín de Porres",940 957 824,+51 940 957 824,m.facebook.com,https://m.facebook.com/sangucheriadaniels/,"-11.9965625,-77.1136875",3.4,,"Sandwichería en el distrito de Santa Rosa, El Dorado , San Martín, Perú"
ChIJ7XQPZL0LupERkDFMD6FfLGs,https://www.google.com/maps/place/?q=place_id:ChIJ7XQPZL0LupERkDFMD6FfLGs,Caldos Y Chicharrones San Martín,Restaurante,"Jirón San Martín 1074, Tarapoto 22202",920 476 435,+51 920 476 435,,,"-6.481001399999999,-76.36657869999999",3.9,,"Sandwichería en el distrito de Santa Rosa, El Dorado , San Martín, Perú"
ChIJyWQTPmoNupERyfEqZzT9f3c,https://www.google.com/maps/place/?q=place_id:ChIJyWQTPmoNupERyfEqZzT9f3c,Don Ruffo Sandwichería,Cafetería,"Jr. Leoncio Prado 804, Tarapoto 22202",,,dazdelivery.com,https://dazdelivery.com/perfil_empresa.php?id=192,"-6.481627,-76.3633002",,,"Sandwichería en el distrito de Santa Rosa, El Dorado , San Martín, Perú"
ChIJ19HIuQXPBZERCdEtcFPA5hs,https://www.google.com/maps/place/?q=place_id:ChIJ19HIuQXPBZERCdEtcFPA5hs,SR. BURGER,Restaurante,"Av. Eduardo de Habich 317, San Martín de Porres 15102",,,,,"-12.0259714,-77.0534759",5,,"Hamburguesas en el distrito de Santa Rosa, El Dorado , San Martín, Perú"
ChIJO_EOkE_PBZERs1OQRAH_vgY,https://www.google.com/maps/place/?q=place_id:ChIJO_EOkE_PBZERs1OQRAH_vgY,D'Martins Burguers,Restaurante,"vipol de naranjal, Pje. Vipol, San Martín de Porres 15113",954 523 697,+51 954 523 697,,,"-11.965069399999999,-77.0911393",4.3,,"Hamburguesas en el distrito de Santa Rosa, El Dorado , San Martín, Perú"
ChIJS0X8aJfNBZER_MzU2peG-Fw,https://www.google.com/maps/place/?q=place_id:ChIJS0X8aJfNBZER_MzU2peG-Fw,Daniel's Sanguchería,Restaurante,"2V3P+9G, Virgen de Carmen, Jr, Pisac Mz B, San Martín de Porres",940 957 824,+51 940 957 824,m.facebook.com,https://m.facebook.com/sangucheriadaniels/,"-11.9965625,-77.1136875",3.4,,"Hamburguesas en el distrito de Santa Rosa, El Dorado , San Martín, Perú"
ChIJ4zlXSU_PBZERGB8qE1NeeZU,https://www.google.com/maps/place/?q=place_id:ChIJ4zlXSU_PBZERGB8qE1NeeZU,Garro's Burguer,Hamburguesería,"Av. José Granda 3291, San Martín de Porres 15107",900 259 859,+51 900 259 859,,,"-12.024229499999999,-77.0805432",4.8,,"Hamburguesas en el distrito de Santa Rosa, El Dorado , San Martín, Perú"
ChIJS65CoOnPBZERY1PRi_cOu7A,https://www.google.com/maps/place/?q=place_id:ChIJS65CoOnPBZERY1PRi_cOu7A,Hamburguesas eduardos,Hamburguesería,"Av. Perú 3155, San Martín de Porres 15106",998 385 482,+51 998 385 482,,,"-12.0317223,-77.08063469999999",4,,"Hamburguesas en el distrito de Santa Rosa, El Dorado , San Martín, Perú"
ChIJtTVOzAcMupERXFWMxxzqUgI,https://www.google.com/maps/place/?q=place_id:ChIJtTVOzAcMupERXFWMxxzqUgI,Bananas Café Burger,Cafetería,"Jr. Alegría Arias de Morey 102, Tarapoto 22202",902 769 638,+51 902 769 638,,,"-6.4870541,-76.3610495",3.7,,"Hamburguesas en el distrito de Santa Rosa, El Dorado , San Martín, Perú"
ChIJ4zlXSU_PBZERGB8qE1NeeZU,https://www.google.com/maps/place/?q=place_id:ChIJ4zlXSU_PBZERGB8qE1NeeZU,Garro's Burguer,Hamburguesería,"Av. José Granda 3291, San Martín de Porres 15107",900 259 859,+51 900 259 859,,,"-12.024229499999999,-77.0805432",4.8,,"Hamburguesería en el distrito de Santa Rosa, El Dorado , San Martín, Perú"
ChIJO_EOkE_PBZERs1OQRAH_vgY,https://www.google.com/maps/place/?q=place_id:ChIJO_EOkE_PBZERs1OQRAH_vgY,D'Martins Burguers,Restaurante,"vipol de naranjal, Pje. Vipol, San Martín de Porres 15113",954 523 697,+51 954 523 697,,,"-11.965069399999999,-77.0911393",4.3,,"Hamburguesería en el distrito de Santa Rosa, El Dorado , San Martín, Perú"
ChIJmRn6AMLPBZERHUGpXyqDqSo,https://www.google.com/maps/place/?q=place_id:ChIJmRn6AMLPBZERHUGpXyqDqSo,Thaylor’s Fast Food,Restaurante,"Jr. Sta Eulalia Mz e, Los Olivos 15302",929 634 866,+51 929 634 866,,,"-12.0087543,-77.07884299999999",5,,"Hamburguesería en el distrito de Santa Rosa, El Dorado , San Martín, Perú"
ChIJS0X8aJfNBZER_MzU2peG-Fw,https://www.google.com/maps/place/?q=place_id:ChIJS0X8aJfNBZER_MzU2peG-Fw,Daniel's Sanguchería,Restaurante,"2V3P+9G, Virgen de Carmen, Jr, Pisac Mz B, San Martín de Porres",940 957 824,+51 940 957 824,m.facebook.com,https://m.facebook.com/sangucheriadaniels/,"-11.9965625,-77.1136875",3.4,,"Hamburguesería en el distrito de Santa Rosa, El Dorado , San Martín, Perú"
ChIJS65CoOnPBZERY1PRi_cOu7A,https://www.google.com/maps/place/?q=place_id:ChIJS65CoOnPBZERY1PRi_cOu7A,Hamburguesas eduardos,Hamburguesería,"Av. Perú 3155, San Martín de Porres 15106",998 385 482,+51 998 385 482,,,"-12.0317223,-77.08063469999999",4,,"Hamburguesería en el distrito de Santa Rosa, El Dorado , San Martín, Perú"
ChIJMy9uH80NupER8DJfrGeBQcg,https://www.google.com/maps/place/?q=place_id:ChIJMy9uH80NupER8DJfrGeBQcg,Tayta Burger,Hamburguesería,"Jr. Camila Morey 399, Tarapoto 22201",,,,,"-6.483596299999999,-76.3601856",,,"Hamburguesería en el distrito de Santa Rosa, El Dorado , San Martín, Perú"
